Diametro(um),Cimento,Sílica ativa,Areia britagem
6300,100,100,100
4750,100,100,99
2360,100,100,71
1180,100,100,42
600,100,100,25
300,100,100,17
150,100,100,9
90,100,100,0
45,100,100,0
36,100,100,0
32,100,100,0
25,96,100,0
20,87,100,0
15,69,100,0
12,55,100,0
10,45,100,0
8,36,100,0
6,28,100,0
5,24,100,0
4,21,100,0
3.2,19,100,0
2.6,17,100,0
2,16,100,0
1.4,14,100,0
1,12,100,0
0.687,8,99.976,0
0.578,7,99.536,0
0.486,6,97.598,0
0.409,5,93.498,0
0.344,3,87.296,0
0.289,0,78.63,0
0.243,0,66.684,0
0.2044,0,51.61,0
0.1719,0,35.756,0
0.1445,0,22.272,0
0.1215,0,12.524,0
0.1022,0,5.836,0
0.0859,0,1.476,0
