Diametro(mm),Cimento,Areia,Brita1
37.50,100,100,100
25,100,100,100
19,100,100,99
12.5,100,100,49
9.50,100,100,12
6.3,100,100,0
4.75,100,99,0
3.33,100,96,0
2.36,100,92,0
1.18,100,74,0
0.7,100,65,0
0.6,100,61,0
0.5,100,54,0
0.355,100,40,0
0.25,100,20,0
0.149,100,6,0
0.09,100,2,0
0.045,100,0,0
0.036,100,0,0
0.032,100,0,0
0.025,96,0,0
0.02,87,0,0
0.015,69,0,0
0.012,55,0,0
0.01,45,0,0
0.008,36,0,0
0.006,28,0,0
0.005,24,0,0
0.004,21,0,0
0.0032,19,0,0
0.0026,17,0,0
0.002,16,0,0
0.0014,14,0,0
0.001,12,0,0
0.0007,8,0,0
0.0005,6,0,0
0.0003,3,0,0
